	Unsorted			                Sorted(1-9999)			                Sorted(9999-1)
	QuickSort	MergeSort	HeapSort	QuickSort	MergeSort	HeapSort	QuickSort	MergeSort	HeapSort
File 0	2.819356	3.628213	2.067343	33.794765	0.490288	0.69951	        8.93217	        0.346202	0.381336	
File 1	1.495735	1.885755	1.440469	33.40948	0.424364	0.620558	14.365607	0.255407	0.307516	
File 2	1.959575	0.801357	1.622057	33.970036	0.339097	0.589767	14.147307	0.239223	0.28383	
File 3	2.102082	0.832148	2.280512	34.81561	0.353702	0.584635	16.446371	0.260539	0.290147	
File 4	3.714271	0.776882	3.700453	33.67318	0.404626	0.621348	18.225937	0.305937	0.30041	
File 5	0.816753	0.462261	1.257302	34.269264	0.363967	0.587399	15.237626	0.246329	0.266855	
File 6	0.791883	0.47134	        1.831279	33.13789	0.362782	0.837674	15.865685	0.230933	0.264487	
File 7	0.983735	0.805699	1.301909	33.248817	0.33357	         0.59332	14.659702	0.223038	0.266461	
File 8	1.095846	0.645034	1.038211	33.491985	0.343438	0.588583	15.080907	0.224617	0.277514	
File 9	1.021237	0.520685	0.932022	34.41493	0.405415	0.551081	20.041033	0.222643	0.283041	
File 10	0.810041	0.482787	1.101373	33.75292	0.342254	0.587793	15.578696	0.223827	0.264882	
File 11	0.786357	0.498578	1.355596	34.012276	0.339096	0.596478	17.92237	0.229354	0.273566	
File 12	0.766619	0.469366	0.78754	        35.743286	0.360019	0.588188	17.934608	0.394757	0.369493	
File 13	0.830964	0.445681	0.687667	33.820026	0.382125	0.563713	16.696648	0.246723	0.26054	
File 14	0.768593	0.441338	0.750039	33.834637	0.420417	0.629243	17.991451	0.24475	        0.261329	
File 15	0.742143	0.467392	0.718458	33.465534	0.369098	0.572793	15.897265	0.250276	0.260145	
File 16	0.751618	0.460681	0.782803	33.8824	        1.151112	0.763855	19.819572	0.318964	2.353937	
File 17	0.723195	0.440943	0.588188	33.730816	0.353702	0.571213	10.717657	0.458707	0.27554	
File 18	1.04137	        0.470156	0.652139	33.98346	0.336333	0.619769	16.351631	0.228169	0.287384	
File 19	0.765039	0.424364	0.582661	34.5148	        0.523843	0.564108	16.550194	0.243171	0.273567	
File 20	0.746091	0.43897	        0.573188	33.409878	0.358439	0.650954	20.989632	0.223828	0.264882	
File 21	0.737406	0.490288	0.911889	33.47067	0.337517	0.592531	16.143595	0.238433	0.281461	
File 22	0.750039	0.435812	0.603978	33.766735	0.34186	        0.568845	21.430971	0.267251	0.275146	
File 23	0.784777	0.436601	0.596873	34.938377	0.369098	0.563319	14.932084	0.241986	0.260539	
File 24	0.702273	0.427127	0.636349	34.29058	0.338702	0.57674	        15.569222	0.217906	0.259356	
File 25	0.776092	0.441734	0.590161	33.680283	0.339096	0.563713	15.340657	0.232907	0.274751	
File 26	0.712536	2.021946	0.677403	35.776447	0.552265	0.822279	21.325176	0.23488	        0.261724	
File 27	0.78833	        0.475287	0.583451	33.321056	0.34107	        0.561739	15.12512	0.253039	0.273567	
File 28	0.777672	0.435812	0.678588	33.802265	0.338307	0.57003	        17.323524	0.35015	        0.518711	
File 29	0.742538	0.497789	0.783988	33.560673	0.344623	0.612663	18.027767	0.292515	0.293305	
File 30	9.409826	4.664056	4.017048	3161.5596	3.733613	3.880857	1161.4257	3.227534	3.534261	
File 31	10.573965	4.873671	4.043892	3236.054	3.717034	3.864673	1152.5137	3.264642	3.662951	
File 32	9.804189	6.892065	4.067183	3227.5027	3.782563	4.192715	1208.6465	3.270958	3.678742	
File 33	10.246712	4.282721	4.161924	3097.4614	4.319828	4.109422	1164.8534	3.692558	4.191926	
File 34	17.766045	4.842091	4.34904	        3387.4106	3.998495	3.869409	1157.5851	7.609733	3.647161	
File 35	10.787528	4.675898	4.356145	3154.2683	4.04626	        3.948756	1204.7555	4.978677	3.788089	
File 36	11.160574	4.446545	4.115738	3099.546	3.703217	3.992968	1176.49	        4.921437	6.342958	
File 37	10.903192	4.81209	        4.060867	3325.7615	3.776642	3.887174	1163.386	3.364515	3.783747	
File 38	9.667603	4.652608	4.017049	3341.377	3.783747	3.91836	        1182.8243	4.070341	3.666899	
File 39	10.191051	4.540892	4.326933	3324.9712	3.979941	3.8927	        1172.7465	3.398465	6.610603	
File 40	10.505672	4.491152	4.118896	3102.2485	3.693348	3.887963	1161.6381	3.425308	3.82796	
File 41	9.6226	        5.045391	4.034024	3118.0742	4.46194	        3.872173	1189.3002	3.177006	3.670452	
File 42	10.667918	4.651029	4.173372	3258.455	3.797959	3.869804	1247.7307	7.298665	5.897277	
File 43	9.388904	4.516022	4.129159	3177.0203	4.066788	4.229033	1333.1245	3.223982	3.936123	
File 44	9.704315	4.515232	4.021786	3322.9753	3.6969	        3.906122	1172.3568	3.265432	3.737561	
File 45	9.577993	4.229033	4.081394	2990.2605	4.674319	3.791642	1237.0177	3.529524	8.472278	
File 46	9.727606	4.826301	4.156792	3339.2273	3.729271	3.888753	1220.1501	3.564657	3.957045	
File 47	9.823927	4.651029	4.469441	3382.9185	3.699664	3.847698	1187.8661	3.394122	3.867831	
File 48	9.735106	4.442597	4.057709	2963.76	        3.784142	4.002048	1163.694	6.321641	4.623001	
File 49	9.647864	4.352592	4.227454	2983.0938	4.613921	4.022181	1165.1418	4.236928	3.653082	
File 50	9.735501	4.234165	4.004417	3280.791	4.727611	3.909675	1194.8655	3.34083	        4.420095	
File 51	9.845638	5.663186	4.124423	3156.0732	3.914806	3.918359	1157.8057	3.232666	3.63216	
File 52	9.582729	4.274826	3.972046	3196.7742	3.810196	3.923096	1153.7067	4.034024	3.506232	
File 53	10.1346	        5.064339	4.199032	2908.69	        3.720191	4.019417	1195.8047	4.583131	3.638871	
File 54	9.933669	4.525102	4.02297	        3305.8196	4.872093	4.330881	1176.837	3.413465	3.757299	
File 55	9.624969	4.383384	4.034418	3263.1333	3.867041	3.957441	1166.6748	3.329777	4.299694	
File 56	9.779319	4.332065	4.156003	3614.0151	4.407464	5.200136	1189.397	6.920882	3.517681	
File 57	10.853453	4.606816	4.578788	3585.4656	4.299695	4.014681	1171.5931	4.364435	3.715059	
File 58	9.886298	5.08842	        4.091263	3947.447	4.033629	4.247982	1157.2041	5.392382	3.737166	
File 59	9.474566	4.256272	4.006785	3833.704	3.964546	3.842566	1228.1361	3.335698	3.862699	
File 60	187.59808	53.301296	58.545643	16560.639	85.49295	73.23258	123026.37	41.011715	48.14971	
File 61	477.09363	53.91159	59.296867	16322.35	54.91072	73.89972	127429.5	57.86824	72.409515	
File 62	768.1552	59.846367	61.503952	16374.388	59.92848	67.90652	123256.78	45.437336	51.469624	
File 63	208.87668	57.095303	57.99733	16330.057	68.32773	64.42437	118992.15	40.596825	49.60755	
File 64	475.8051	55.191788	59.463455	16389.107	59.478455	72.22793	125564.43	50.371407	54.02923	
File 65	237.3888	54.712154	58.099174	16345.19	58.37866	73.85235	117637.28	47.900623	54.4153	
File 66	197.67545	53.050625	58.308395	16368.869	63.290234	74.660416	113706.0	47.245327	64.357254	
File 67	221.98497	52.756924	57.808235	15723.946	66.64922	72.49793	133920.3	83.29179	81.65236	
File 68	184.84819	50.934723	59.16897	16441.146	55.871952	84.213936	127507.92	49.979412	56.17355	
File 69	253.10841	61.702515	58.831448	16548.125	60.967083	66.9066	        126691.73	47.808643	55.0252	
File 70	196.45485	50.542336	58.212467	16457.072	63.26852	71.76803	126022.17	48.339592	56.206707	
File 71	195.23544	51.488174	60.73536	16434.197	66.91686	64.41568	126517.81	52.887985	56.5158	
File 72	195.8556	54.93243	57.415848	16205.686	57.14899	66.43171	127038.09	45.464577	60.25139	
File 73	185.9934	62.126488	60.185463	16848.053	63.48524	78.73234	127668.04	48.13037	51.27698	
File 74	180.82365	51.14158	61.6887	        17261.588	66.67488	77.15962	126346.09	48.510128	58.36445	
File 75	228.89638	51.773582	64.94427	16367.344	57.814552	72.17345	128490.984	45.72867	52.972855	
File 76	192.6119	51.76885	63.15088	14282.891	63.1418	        66.854095	122191.06	50.155476	58.772232	
File 77	300.71375	53.896984	61.74594	15139.579	49.13266	58.78684	127018.0	53.81527	52.0811	
File 78	167.32375	51.571865	61.802784	16256.59	55.4168	        69.149605	128206.414	55.499695	78.91274	
File 79	214.36893	53.64947	58.329712	16266.928	68.71972	73.248375	129354.06	46.955967	53.49157	
File 80	296.83408	51.879776	58.366425	16373.753	63.732754	64.38252	129061.55	56.41198	66.14985	
File 81	311.1993	57.121758	59.72636	16740.191	61.215385	68.616295	133311.39	48.259457	58.523537	
File 82	174.1191	50.458256	58.063248	16437.996	56.321583	69.163826	124969.42	50.86801	54.86098	
File 83	224.29668	67.747826	58.134705	16369.498	74.69398	68.73038	126156.12	46.725433	54.053703	
File 84	170.45023	52.963383	59.213177	16450.857	62.52756	68.96605	127932.17	69.79346	112.80975	
File 85	184.87741	51.994255	61.04327	17068.607	61.900288	65.16927	123012.54	44.954548	52.19716	
File 86	199.06734	59.953346	59.7311	        16285.361	65.08835	64.870445	126624.96	55.090336	57.34874	
File 87	224.17075	53.56973	59.59175	16447.654	59.889793	72.01397	122969.03	47.246513	70.97733	
File 88	259.08386	52.582836	57.44822	16304.673	57.125706	76.86632	124390.42	48.887913	51.264347	
File 89	188.34142	52.33335	60.804047	16297.964	57.90535	66.74475	131755.97	48.158005	59.475296	
